Table 1
845632179
732918654
196745328
683574912
457291836
219863547
361429785
574186293
928357461
Table 2
256831749
837649512
194725386
641587928
725193864
389462175
978254631
562318497
413976253
Table 3
857261394
312495786
964378215
195734628
728956143
643182579
581647932
479523861
236819457
Table 4
125649378
834715296
697382415
746953182
359821764
281746953
573298641
468137529
912564837
Table 5
691782345
547369812
283145796
938621574
124573689
765984123
852937461
416258937
379416258
Table 6
659724813
473581296
812936547
567398421
284615379
931472658
725869134
196243785
348157962
