Table 1
193672485
462358971
785914623
538296714
674135298
219487356
826742539
941523867
357869142
Table 2
814976532
659123478
732854169
948265317
275341896
163798245
391682754
587439621
426517983
Table 3
384567921
126439785
759821346
563798214
847312659
912645873
231974568
495286137
678153492
Table 4
469158372
712463859
538297641
927634518
385719426
146582793
653941287
194876135
871325964
Table 5
316549275
987321645
452678931
594236817
238417569
671985324
845162793
129753486
763894152
Table 6
586127943
723469851
491853267
135974628
279618534
648532179
917246385
352781496
864395712
Table 7
954213687
617548923
832796541
763851294
128974365
549362178
281637459
475129836
396485712
Table 8
159743862
276589431
348612759
624978315
917835684
583164297
435821976
861497523
792356148
Table 9
861357294
597482361
432619785
916275843
358964127
274138956
789541632
143826579
625793418
Table 10
294863517
715429638
823751492
152947863
479386251
638512974
986134725
521678349
347295186