Table 1
200170603
050000100
000006079
000040700
000801000
009050000
310400000
005000060
906037002
Table 2
000000080
800701040
040020030
374000900
000030000
005000321
010060050
050802006
080000000
Table 3
000000085
000210009
960080100
500800016
000000000
890006007
009070052
300054000
480000000
Table 4
608070502
050608070
002000300
500090006
040302050
800050003
005000200
010704090
409060701
Table 5
050010040
107000602
000905000
208030501
040070020
901080406
000401000
304000709
020060010
Table 6
053000790
009753400
100000002
090080010
000907000
080030070
500000003
007641200
061000940
Table 7
006080300
049070250
000405000
600317004
007000800
100826009
000702000
075040190
003090600
Table 8
005080700
700204005
320000084
060105040
008000500
070803010
450000091
600508007
003010600
Table 9
000900800
128006400
070800060
800430007
500000009
600079008
090004010
003600284
001007000
Table 10
000080000
270000054
095000810
009806400
020403060
006905100
017000620
460000038
000090000