Table 1
298175643
657394128
134286579
821649735
573821496
469753281
312468957
785912364
946537812
Table 2
761543289
832791645
549628137
374215968
128936574
695487321
417369852
953872416
286154793
Table 3
132649785
758213649
964785123
543897216
276531894
891426537
619378452
327154968
485962371
Table 4
698173542
354628179
172549368
531897426
946312857
827456913
765931284
213784695
489265731
Table 5
852716943
197843652
463925187
278634591
645179328
931582476
786491235
314258769
529367814
Table 6
453218796
629753481
178496532
796582314
314967825
285134679
542879163
937641258
861325947
Table 7
516289347
849173256
732465918
698317524
327954861
154826739
961732485
275648193
483591672
Table 8
945681723
781234965
326759184
269175348
138942576
574863219
457326891
612598437
893417652
Table 9
365942871
128756493
974813562
819435627
537268149
642179358
296384715
753691284
481527936
Table 10
134587296
278169354
695234817
359816472
821473569
746925183
917348625
462751938
583692741