Table 1
000000000
009805100
051907420
290401065
000000000
140508093
026709580
005103600
000000000
Table 2
020030090
000907000
900208005
004806500
607000208
003102900
800605007
000309000
030020050
Table 3
005000006
070009020
000500107
804150000
000803000
000092805
907006000
030400010
200000600
Table 4
040000050
001943600
009000300
600050002
103000506
800020007
005000200
002436700
030000040
Table 5
004000000
000030002
390700080
400009001
209801307
600200008
010008053
900040000
000000800
Table 6
360020089
000361000
000000000
803000602
400603007
607000108
000000000
000418000
970030014
Table 7
500400060
009000800
640020000
000001008
208000501
700500000
000090084
003000600
060003002
Table 8
007256400
400000005
010030060
000508000
008060200
000107000
030070090
200000004
006312700
Table 9
000000000
079050180
800000007
007306800
450708096
003502700
700000005
016030420
000000000
Table 10
030000080
009000500
007509200
700105008
020090030
900402001
004207100
002000800
070000090