Table 1
001900003
900700160
030005007
050000009
004302600
200000070
600100030
042007006
500006800
Table 2
000125400
008400000
420800000
030000095
060902010
510000060
000003049
000007200
001298000
Table 3
062340750
100005600
570000040
000094800
400000006
005830000
030000091
006400007
059083260
Table 4
300000000
005009000
200504000
020000700
160000058
704310600
000890100
000067080
000005437
Table 5
630000000
000500008
005674000
000020000
003401020
000000345
000007004
080300902
947100080
Table 6
000020040
008035000
000070602
031046970
200000000
000501203
049000730
000000010
800004000
Table 7
361025900
080960010
400000057
008000471
000603000
259000800
740000005
020018060
005470329
Table 8
050807020
600010090
702540006
070020301
504000908
103080070
900076205
060090003
080103040
Table 9
080005000
000003457
000070809
060400903
007010500
408007020
901020000
842300000
000100080
Table 10
003502900
000040000
106000305
900251008
070408030
800763001
308000104
000020000
005104800